Previsões ordenadas:
Sorteio 1: [ 2  7  8 16 19 55]
Sorteio 2: [20 29 29 35 40 42]
Sorteio 3: [ 9 24 37 39 50 52]
Sorteio 4: [20 37 38 40 47 57]
Sorteio 5: [ 7 13 30 41 52 53]
Sorteio 6: [10 13 32 37 46 49]
Sorteio 7: [ 1 11 25 45 47 49]
Sorteio 8: [ 3 11 16 24 48 53]
Sorteio 9: [23 32 40 43 44 45]
Sorteio 10: [ 4 13 15 15 49 59]
Sorteio 11: [ 8 12 32 43 48 49]
Sorteio 12: [ 3 17 27 29 36 43]
Sorteio 13: [ 1  4 14 33 43 52]
Sorteio 14: [ 1  5 26 29 49 58]
Sorteio 15: [13 27 30 36 38 58]
Sorteio 16: [12 14 28 29 32 43]
Sorteio 17: [ 7  7 11 19 21 37]
Sorteio 18: [16 19 43 46 46 58]
Sorteio 19: [ 5 11 12 35 37 41]
Sorteio 20: [ 1 17 29 30 36 39]
Sorteio 21: [ 3  6  8  8 20 31]
Sorteio 22: [17 19 43 51 52 53]
Sorteio 23: [ 2  6 38 42 46 48]
Sorteio 24: [19 26 28 36 44 59]
Sorteio 25: [21 29 30 40 56 58]
Sorteio 26: [ 3 42 43 45 53 58]
Sorteio 27: [40 47 48 58 58 59]
Sorteio 28: [ 3 17 34 51 52 52]
Sorteio 29: [ 5  8 24 34 45 50]
Sorteio 30: [ 3  6 20 30 47 58]
Sorteio 31: [12 19 31 33 39 53]
Sorteio 32: [ 4 24 25 25 41 50]
Sorteio 33: [23 24 26 31 42 53]
Sorteio 34: [11 13 26 27 27 47]
Sorteio 35: [ 5 16 40 49 49 50]
Sorteio 36: [ 3 22 37 50 50 56]
Sorteio 37: [ 7 18 18 19 29 34]
Sorteio 38: [ 6 20 35 45 48 52]
Sorteio 39: [12 23 27 27 40 43]
Sorteio 40: [ 9 16 26 33 33 34]
Sorteio 41: [17 21 36 39 44 46]
Sorteio 42: [15 20 25 37 43 58]
Sorteio 43: [10 33 37 54 55 59]
Sorteio 44: [10 38 45 48 54 59]
Sorteio 45: [ 1 19 32 51 54 56]
Sorteio 46: [ 0 15 19 46 52 52]
Sorteio 47: [ 0  9 31 40 52 59]
Sorteio 48: [ 9 15 26 35 41 53]
Sorteio 49: [21 25 25 33 52 57]
Sorteio 50: [ 7  8 14 19 30 51]
Sorteio 51: [10 32 32 34 43 45]
Sorteio 52: [ 1 22 30 38 40 46]
Sorteio 53: [ 4 24 25 42 47 51]
Sorteio 54: [ 3 12 36 39 45 55]
Sorteio 55: [ 1 20 30 36 39 41]
Sorteio 56: [ 7 21 35 39 47 55]
Sorteio 57: [20 20 40 44 53 58]
Sorteio 58: [13 14 46 50 53 56]
Sorteio 59: [11 17 33 35 45 46]
Sorteio 60: [ 3  5  5 14 37 48]
Sorteio 61: [ 2 14 35 37 43 54]
Sorteio 62: [18 37 37 46 55 58]
Sorteio 63: [ 6 16 26 31 45 52]
Sorteio 64: [ 2  4 27 34 38 42]
Sorteio 65: [ 8 16 35 49 55 57]
Sorteio 66: [ 2  6 10 37 44 56]
Sorteio 67: [ 1  3 30 46 50 57]
Sorteio 68: [ 8 24 29 30 37 39]
Sorteio 69: [ 3  4  8 10 36 57]
Sorteio 70: [ 4  8 14 19 34 52]
Sorteio 71: [ 1 13 27 32 43 52]
Sorteio 72: [ 2 29 34 40 47 58]
Sorteio 73: [13 39 41 46 57 59]
Sorteio 74: [ 0 14 15 31 49 54]
Sorteio 75: [11 15 22 31 31 32]
Sorteio 76: [ 5 28 41 44 47 57]
Sorteio 77: [ 5 12 18 19 46 55]
Sorteio 78: [15 22 24 34 46 59]
Sorteio 79: [13 32 37 46 47 50]
Sorteio 80: [18 25 26 48 58 59]
Sorteio 81: [ 1  3  5 30 33 37]
Sorteio 82: [ 0  5 19 19 40 54]
Sorteio 83: [12 20 24 27 33 52]
Sorteio 84: [25 25 35 43 56 58]
Sorteio 85: [ 4 14 19 27 42 45]
Sorteio 86: [ 4 11 21 33 44 52]
Sorteio 87: [ 3 13 14 36 47 58]
Sorteio 88: [ 3  8 12 17 19 34]
Sorteio 89: [ 7  9 10 15 41 54]
Sorteio 90: [ 1 13 31 33 44 45]
Sorteio 91: [19 29 33 48 53 58]
Sorteio 92: [ 4 14 17 35 45 54]
Sorteio 93: [ 2  5 28 47 52 53]
Sorteio 94: [15 17 22 39 41 46]
Sorteio 95: [ 2 30 41 46 54 55]
Sorteio 96: [ 5 15 32 41 43 55]
Sorteio 97: [ 8 19 26 34 51 59]
Sorteio 98: [ 6 14 16 22 47 47]
Sorteio 99: [ 0  3  5 15 27 53]
Sorteio 100: [10 11 36 42 55 59]
Sorteio 101: [ 4  7 28 32 49 58]
Sorteio 102: [ 6  8 12 23 24 35]
Sorteio 103: [ 9 10 13 39 55 59]
Sorteio 104: [ 4 13 16 17 42 44]
Sorteio 105: [ 0  2 45 49 50 57]
Sorteio 106: [ 0  5 22 22 40 59]
Sorteio 107: [ 1  7 24 31 51 57]
Sorteio 108: [18 21 27 51 53 59]
Sorteio 109: [ 8 11 12 46 52 59]
Sorteio 110: [10 14 16 17 40 45]
Sorteio 111: [ 2 11 14 23 25 51]
Sorteio 112: [ 4 13 30 44 48 59]
Sorteio 113: [ 2 14 18 21 36 39]
Sorteio 114: [ 6 29 40 53 54 59]
Sorteio 115: [ 8 13 39 40 48 59]
Sorteio 116: [ 0 13 24 34 36 41]
Sorteio 117: [ 6 22 31 43 46 58]
Sorteio 118: [ 2  9 11 12 26 49]
Sorteio 119: [15 20 21 25 34 46]
Sorteio 120: [ 1  3  5 12 34 45]
Sorteio 121: [ 6 10 11 20 41 44]
Sorteio 122: [35 37 39 51 52 57]
Sorteio 123: [ 6 14 30 30 43 50]
Sorteio 124: [ 3 25 26 39 43 51]
Sorteio 125: [ 2  7 34 43 46 56]
Sorteio 126: [ 4  8 12 26 35 47]
Sorteio 127: [15 21 25 31 34 55]
Sorteio 128: [ 5 12 16 18 21 28]
Sorteio 129: [ 0 31 34 39 42 48]
Sorteio 130: [ 0  7 16 36 48 55]
Sorteio 131: [21 24 26 28 46 47]
Sorteio 132: [21 30 31 52 53 55]
Sorteio 133: [ 2 11 21 33 34 56]
Sorteio 134: [ 2 24 30 39 44 45]
Sorteio 135: [18 23 25 39 41 47]
Sorteio 136: [16 39 43 48 51 56]
Sorteio 137: [ 2  5 12 15 21 24]
Sorteio 138: [21 41 48 50 53 59]
Sorteio 139: [14 19 25 39 52 53]
Sorteio 140: [ 7 23 28 30 32 32]
Sorteio 141: [ 9 28 32 33 41 56]
Sorteio 142: [ 6 14 14 17 23 51]
Sorteio 143: [ 7 20 23 25 27 43]
Sorteio 144: [23 29 44 50 52 58]
Sorteio 145: [ 1  8  8 17 25 32]
Sorteio 146: [32 37 41 44 48 59]
Sorteio 147: [ 3  7 20 37 49 51]
Sorteio 148: [ 1  8 14 17 32 54]
Sorteio 149: [ 4 24 35 41 47 57]
Sorteio 150: [ 0 10 16 32 37 54]
Sorteio 151: [ 6 25 26 28 50 55]
Sorteio 152: [10 17 32 40 48 52]
Sorteio 153: [ 7  9 31 45 47 53]
Sorteio 154: [ 8 15 34 46 51 56]
Sorteio 155: [12 12 23 26 49 50]
Sorteio 156: [ 3 12 14 16 34 55]
Sorteio 157: [ 5 15 19 21 30 37]
Sorteio 158: [16 18 39 41 47 57]
Sorteio 159: [37 38 49 51 54 57]
Sorteio 160: [ 0  2 15 40 41 49]
Sorteio 161: [18 22 23 43 49 50]
Sorteio 162: [ 4 11 30 37 46 58]
Sorteio 163: [22 23 29 30 44 49]
Sorteio 164: [ 4 27 34 41 49 51]
Sorteio 165: [ 2 24 25 30 30 49]
Sorteio 166: [ 8 15 34 37 46 55]
Sorteio 167: [ 2 10 20 26 48 48]
Sorteio 168: [ 7  7 16 36 52 53]
Sorteio 169: [16 20 31 46 53 55]
Sorteio 170: [ 2  4 26 32 57 58]
Sorteio 171: [ 1  2  8 13 20 45]
Sorteio 172: [ 0 10 17 38 45 47]
Sorteio 173: [26 35 40 40 52 59]
Sorteio 174: [ 2  7 43 53 54 59]
Sorteio 175: [11 12 26 31 45 52]
Sorteio 176: [ 2 13 15 46 53 55]
Sorteio 177: [17 21 25 27 33 48]
Sorteio 178: [ 2  4 10 30 34 58]
Sorteio 179: [ 9 35 41 49 51 58]
Sorteio 180: [ 0 10 21 25 35 40]
Sorteio 181: [ 2 13 14 34 38 39]
Sorteio 182: [ 4  5 18 26 30 39]
Sorteio 183: [17 25 30 44 48 52]
Sorteio 184: [ 8 21 30 39 44 44]
Sorteio 185: [24 34 36 49 56 58]
Sorteio 186: [ 4 35 35 37 38 55]
Sorteio 187: [ 8 16 17 21 22 38]
Sorteio 188: [ 8 13 36 48 49 59]
Sorteio 189: [10 12 14 34 45 58]
Sorteio 190: [ 9 15 23 26 31 33]
Sorteio 191: [ 9  9 28 30 42 47]
Sorteio 192: [ 2  5 14 27 31 44]
Sorteio 193: [ 1  5 31 36 38 56]
Sorteio 194: [ 0 16 22 26 43 53]
Sorteio 195: [ 9 17 17 18 51 53]
Sorteio 196: [21 28 38 42 43 58]
Sorteio 197: [ 5 21 40 42 43 50]
Sorteio 198: [ 0 28 32 45 51 53]
Sorteio 199: [10 36 42 47 58 59]
Sorteio 200: [ 1 15 24 35 35 41]
Sorteio 201: [ 5  9 18 34 43 47]
Sorteio 202: [ 0  5 13 15 43 46]
Sorteio 203: [11 19 29 32 47 59]
Sorteio 204: [ 1  4 20 33 49 59]
Sorteio 205: [ 3 13 15 17 31 36]
Sorteio 206: [ 5 28 34 44 54 59]
Sorteio 207: [ 9 19 28 29 38 59]
Sorteio 208: [ 1 24 28 37 40 46]
Sorteio 209: [ 5 25 30 35 55 58]
Sorteio 210: [33 34 36 37 41 56]
Sorteio 211: [20 30 34 42 55 58]
Sorteio 212: [ 2 15 23 26 36 41]
Sorteio 213: [15 27 30 34 42 57]
Sorteio 214: [11 16 21 32 48 52]
Sorteio 215: [ 2 16 18 20 23 51]
Sorteio 216: [ 0  4 11 27 41 44]
Sorteio 217: [ 0 11 14 37 41 54]
Sorteio 218: [ 1  4 20 20 51 55]
Sorteio 219: [17 26 32 34 42 55]
Sorteio 220: [19 20 25 31 32 44]
Sorteio 221: [ 3 20 26 40 44 57]
Sorteio 222: [17 21 26 42 44 49]
Sorteio 223: [20 36 43 46 48 49]
Sorteio 224: [15 20 36 38 39 50]
Sorteio 225: [ 6 14 20 25 30 37]
Sorteio 226: [15 37 42 44 45 53]
Sorteio 227: [ 4 16 28 31 35 40]
Sorteio 228: [ 2 11 15 16 48 58]
Sorteio 229: [16 26 29 37 44 52]
Sorteio 230: [ 7 31 41 42 44 49]
Sorteio 231: [13 22 32 34 36 37]
Sorteio 232: [ 3 11 18 25 41 51]
Sorteio 233: [ 6  8 10 13 19 21]
Sorteio 234: [ 0  6 38 40 42 57]
Sorteio 235: [ 2  5 36 52 54 54]
Sorteio 236: [ 1 10 14 29 44 51]
Sorteio 237: [ 7 16 24 55 59 59]
Sorteio 238: [ 3  4 17 19 35 57]
Sorteio 239: [ 0  6  9 48 51 58]
Sorteio 240: [ 1  6 24 25 26 31]
Sorteio 241: [ 0  7 14 44 46 51]
Sorteio 242: [10 14 18 20 44 51]
Sorteio 243: [22 26 30 35 51 53]
Sorteio 244: [14 21 29 32 35 57]
Sorteio 245: [ 4 23 29 36 39 42]
Sorteio 246: [ 6 18 22 23 25 26]
Sorteio 247: [ 1  8 15 15 20 29]
Sorteio 248: [ 7  9 20 20 35 53]
Sorteio 249: [ 1  3 14 30 36 53]
Sorteio 250: [10 27 36 53 59 59]
Sorteio 251: [14 29 45 49 49 59]
Sorteio 252: [ 8 24 28 31 44 59]
Sorteio 253: [ 4 10 14 39 53 54]
Sorteio 254: [19 25 27 48 54 56]
Sorteio 255: [ 1  5 45 47 54 56]
Sorteio 256: [ 2  6 17 19 33 40]
Sorteio 257: [11 14 19 32 37 45]
Sorteio 258: [18 19 25 27 46 48]
Sorteio 259: [24 25 29 29 52 58]
Sorteio 260: [ 6 18 36 44 53 57]
Sorteio 261: [ 4  7 18 30 32 47]
Sorteio 262: [24 28 41 50 52 57]
Sorteio 263: [ 6  9 30 51 55 58]
Sorteio 264: [ 7 13 14 24 43 50]
Sorteio 265: [ 6  7 20 36 41 47]
Sorteio 266: [18 19 22 41 51 57]
Sorteio 267: [ 1 16 27 35 46 47]
Sorteio 268: [ 1  8 18 20 23 38]
Sorteio 269: [ 7 37 44 48 51 58]
Sorteio 270: [ 9 20 23 36 45 58]
Sorteio 271: [ 7  9 19 34 47 48]
Sorteio 272: [ 3 22 29 37 43 55]
Sorteio 273: [ 3  8 16 21 44 49]
Sorteio 274: [ 3  9 12 19 29 33]
Sorteio 275: [ 4 15 16 20 42 44]
Sorteio 276: [18 20 34 38 43 59]
Sorteio 277: [ 1 16 19 31 33 49]
Sorteio 278: [ 9 13 17 21 36 51]
